15
63.4
66.1
67.2
58.5
61.9
68.2
65.3
70.0
72.9
71.8
70.1
70.3
69.5
66.1
70.8
5
56.5
57.1
55.0
58.0
66.2
31
54.0
53.2
46.6
47.4
56.7
62.6
53.7
57.5
60.7
65.7
66.0
67.8
62.3
58.3
55.6
60.2
62.8
70.5
72.9
71.0
61.8
61.6
71.2
73.0
68.6
56.6
51.2
56.0
59.7
62.1
69.2
20
72.3
72.8
71.5
71.3
69.4
64.6
68.7
70.6
72.5
72.2
78.0
78.6
77.4
75.4
69.3
77.3
74.2
75.7
79.9
72.2
30
72.8
70.9
72.7
73.0
71.8
69.6
61.3
71.7
73.4
76.6
77.5
77.3
76.1
71.5
72.4
73.7
75.0
77.8
77.1
77.3
73.5
74.7
78.2
78.8
78.2
73.6
69.3
76.9
76.0
78.5
30
79.2
80.3
78.9
78.7
75.8
75.6
78.4
80.0
78.1
80.7
79.4
79.9
81.9
82.2
82.0
81.0
80.8
81.3
82.4
80.7
78.0
82.3
77.7
81.6
81.7
80.7
79.0
80.4
79.1
78.2
31
76.4
76.2
78.1
78.9
80.4
81.8
82.4
82.4
82.1
80.8
80.3
78.7
78.2
77.5
77.5
78.1
79.3
78.6
77.3
77.6
80.1
79.3
78.6
79.7
79.9
81.6
78.0
79.6
79.9
83.0
82.2
31
81.1
81.9
81.6
80.0
82.7
81.2
83.6
83.0
82.0
82.3
83.6
83.1
83.6
82.5
81.7
82.2
82.8
82.3
81.8
83.0
83.1
80.4
81.8
80.2
79.0
79.9
80.8
80.3
81.6
82.6
81.2
30
79.9
78.8
79.6
80.9
81.3
80.6
77.8
80.9
81.7
81.8
81.8
79.7
79.7
82.5
81.7
80.2
80.5
78.1
79.3
78.7
78.7
79.1
77.1
77.5
76.7
80.6
76.0
76.8
78.0
77.8
31
79.1
78.5
78.7
79.5
79.5
79.2
77.1
78.9
75.5
74.6
74.9
75.8
76.1
76.0
73.2
76.9
77.4
78.4
79.0
76.5
79.8
79.6
76.8
67.8
68.3
67.5
67.1
68.5
71.8
74.1
75.3
30
77.1
71.3
67.2
68.7
73.2
74.2
70.1
70.8
70.5
72.0
72.1
71.1
64.8
62.7
68.1
70.7
75.1
75.9
73.8
71.7
73.1
73.9
73.7
67.9
67.1
72.7
69.7
50.6
59.5
64.5
31
66.1
66.1
65.8
69.6
71.4
74.1
73.2
72.8
73.1
71.8
72.0
65.9
60.0
69.7
70.9
59.3
57.1
58.4
59.1
65.8
72.7
75.0
74.7
68.6
58.8
64.6
65.2
70.1
73.4
65.2
62.3